BSPLINE # Curve type (BSPLINE or CATMULL_ROM)
27 # The number of cross sections.
30 # The number of control points per cross section

# Cross Section 01
10.0000 0.00000 # The 2D position of control points
9.78148 2.07912
9.13545 4.06737
8.09017 5.87785
6.69131 7.43145
5.00000 8.66025
3.09017 9.51057
1.04528 9.94522
-1.04529 9.94522
-3.09017 9.51056
-5.00000 8.66025
-6.69131 7.43145
-8.09017 5.87785
-9.13546 4.06737
-9.78148 2.07912
-10.0000 0.00000
-9.78148 -2.07912
-9.13545 -4.06737
-8.09017 -5.87785
-6.69131 -7.43145
-5.00000 -8.66025
-3.09017 -9.51057
-1.04528 -9.94522
1.04528 -9.94522
3.09017 -9.51056
5.00000 -8.66025
6.69131 -7.43145
8.09017 -5.87785
9.13546 -4.06737
9.78148 -2.07912
0.0 # Scaling factor
0.0 1 0 0 # Rotation
0 -23.2 0 # Position

# Cross Section 02
10.0000 0.00000 # The 2D position of control points
9.78148 2.07912
9.13545 4.06737
8.09017 5.87785
6.69131 7.43145
5.00000 8.66025
3.09017 9.51057
1.04528 9.94522
-1.04529 9.94522
-3.09017 9.51056
-5.00000 8.66025
-6.69131 7.43145
-8.09017 5.87785
-9.13546 4.06737
-9.78148 2.07912
-10.0000 0.00000
-9.78148 -2.07912
-9.13545 -4.06737
-8.09017 -5.87785
-6.69131 -7.43145
-5.00000 -8.66025
-3.09017 -9.51057
-1.04528 -9.94522
1.04528 -9.94522
3.09017 -9.51056
5.00000 -8.66025
6.69131 -7.43145
8.09017 -5.87785
9.13546 -4.06737
9.78148 -2.07912
0.525 # Scaling factor
0.0 1 0 0 # Rotation
0 -23.2 0 # Position

# Cross Section 03
10.0000 0.00000 # The 2D position of control points
9.78148 2.07912
9.13545 4.06737
8.09017 5.87785
6.69131 7.43145
5.00000 8.66025
3.09017 9.51057
1.04528 9.94522
-1.04529 9.94522
-3.09017 9.51056
-5.00000 8.66025
-6.69131 7.43145
-8.09017 5.87785
-9.13546 4.06737
-9.78148 2.07912
-10.0000 0.00000
-9.78148 -2.07912
-9.13545 -4.06737
-8.09017 -5.87785
-6.69131 -7.43145
-5.00000 -8.66025
-3.09017 -9.51057
-1.04528 -9.94522
1.04528 -9.94522
3.09017 -9.51056
5.00000 -8.66025
6.69131 -7.43145
8.09017 -5.87785
9.13546 -4.06737
9.78148 -2.07912
0.575 # Scaling factor
0.0 1 0 0 # Rotation
0 -22 0 # Position

# Cross Section 04
10.0000 0.00000 # The 2D position of control points
9.78148 2.07912
9.13545 4.06737
8.09017 5.87785
6.69131 7.43145
5.00000 8.66025
3.09017 9.51057
1.04528 9.94522
-1.04529 9.94522
-3.09017 9.51056
-5.00000 8.66025
-6.69131 7.43145
-8.09017 5.87785
-9.13546 4.06737
-9.78148 2.07912
-10.0000 0.00000
-9.78148 -2.07912
-9.13545 -4.06737
-8.09017 -5.87785
-6.69131 -7.43145
-5.00000 -8.66025
-3.09017 -9.51057
-1.04528 -9.94522
1.04528 -9.94522
3.09017 -9.51056
5.00000 -8.66025
6.69131 -7.43145
8.09017 -5.87785
9.13546 -4.06737
9.78148 -2.07912
0.6 # Scaling factor
0.0 0 1 0 # Rotation
0 -22 0 # Position

# Cross Section 05
10.0000 0.00000 # The 2D position of control points
9.78148 2.07912
9.13545 4.06737
8.09017 5.87785
6.69131 7.43145
5.00000 8.66025
3.09017 9.51057
1.04528 9.94522
-1.04529 9.94522
-3.09017 9.51056
-5.00000 8.66025
-6.69131 7.43145
-8.09017 5.87785
-9.13546 4.06737
-9.78148 2.07912
-10.0000 0.00000
-9.78148 -2.07912
-9.13545 -4.06737
-8.09017 -5.87785
-6.69131 -7.43145
-5.00000 -8.66025
-3.09017 -9.51057
-1.04528 -9.94522
1.04528 -9.94522
3.09017 -9.51056
5.00000 -8.66025
6.69131 -7.43145
8.09017 -5.87785
9.13546 -4.06737
9.78148 -2.07912
0.65 # Scaling factor
0.0 0 1 0 # Rotation
0 -20 0 # Position

# Cross Section 06
10.0000 0.00000 # The 2D position of control points
9.78148 2.07912
9.13545 4.06737
8.09017 5.87785
6.69131 7.43145
5.00000 8.66025
3.09017 9.51057
1.04528 9.94522
-1.04529 9.94522
-3.09017 9.51056
-5.00000 8.66025
-6.69131 7.43145
-8.09017 5.87785
-9.13546 4.06737
-9.78148 2.07912
-10.0000 0.00000
-9.78148 -2.07912
-9.13545 -4.06737
-8.09017 -5.87785
-6.69131 -7.43145
-5.00000 -8.66025
-3.09017 -9.51057
-1.04528 -9.94522
1.04528 -9.94522
3.09017 -9.51056
5.00000 -8.66025
6.69131 -7.43145
8.09017 -5.87785
9.13546 -4.06737
9.78148 -2.07912
0.7 # Scaling factor
0.0 0 1 0 # Rotation
0 -19 0 # Position

# Cross Section 07
10.0000 0.00000 # The 2D position of control points
9.78148 2.07912
9.13545 4.06737
8.09017 5.87785
6.69131 7.43145
5.00000 8.66025
3.09017 9.51057
1.04528 9.94522
-1.04529 9.94522
-3.09017 9.51056
-5.00000 8.66025
-6.69131 7.43145
-8.09017 5.87785
-9.13546 4.06737
-9.78148 2.07912
-10.0000 0.00000
-9.78148 -2.07912
-9.13545 -4.06737
-8.09017 -5.87785
-6.69131 -7.43145
-5.00000 -8.66025
-3.09017 -9.51057
-1.04528 -9.94522
1.04528 -9.94522
3.09017 -9.51056
5.00000 -8.66025
6.69131 -7.43145
8.09017 -5.87785
9.13546 -4.06737
9.78148 -2.07912
0.75 # Scaling factor
0.0 0 1 0 # Rotation
0 -15 0 # Position

# Cross Section 08
10.0000 0.00000 # The 2D position of control points
9.78148 2.07912
9.13545 4.06737
8.09017 5.87785
6.69131 7.43145
5.00000 8.66025
3.09017 9.51057
1.04528 9.94522
-1.04529 9.94522
-3.09017 9.51056
-5.00000 8.66025
-6.69131 7.43145
-8.09017 5.87785
-9.13546 4.06737
-9.78148 2.07912
-10.0000 0.00000
-9.78148 -2.07912
-9.13545 -4.06737
-8.09017 -5.87785
-6.69131 -7.43145
-5.00000 -8.66025
-3.09017 -9.51057
-1.04528 -9.94522
1.04528 -9.94522
3.09017 -9.51056
5.00000 -8.66025
6.69131 -7.43145
8.09017 -5.87785
9.13546 -4.06737
9.78148 -2.07912
0.9 # Scaling factor
0.0 1 0 0 # Rotation
0 -5 0 # Position

# Cross Section 09
10.0000 0.00000 # The 2D position of control points
9.78148 2.07912
9.13545 4.06737
8.09017 5.87785
6.69131 7.43145
5.00000 8.66025
3.09017 9.51057
1.04528 9.94522
-1.04529 9.94522
-3.09017 9.51056
-5.00000 8.66025
-6.69131 7.43145
-8.09017 5.87785
-9.13546 4.06737
-9.78148 2.07912
-10.0000 0.00000
-9.78148 -2.07912
-9.13545 -4.06737
-8.09017 -5.87785
-6.69131 -7.43145
-5.00000 -8.66025
-3.09017 -9.51057
-1.04528 -9.94522
1.04528 -9.94522
3.09017 -9.51056
5.00000 -8.66025
6.69131 -7.43145
8.09017 -5.87785
9.13546 -4.06737
9.78148 -2.07912
0.975 # Scaling factor
0.0 1 0 0 # Rotation
0 -3 0 # Position

# Cross Section 10
10.0000 0.00000 # The 2D position of control points
9.78148 2.07912
9.13545 4.06737
8.09017 5.87785
6.69131 7.43145
5.00000 8.66025
3.09017 9.51057
1.04528 9.94522
-1.04529 9.94522
-3.09017 9.51056
-5.00000 8.66025
-6.69131 7.43145
-8.09017 5.87785
-9.13546 4.06737
-9.78148 2.07912
-10.0000 0.00000
-9.78148 -2.07912
-9.13545 -4.06737
-8.09017 -5.87785
-6.69131 -7.43145
-5.00000 -8.66025
-3.09017 -9.51057
-1.04528 -9.94522
1.04528 -9.94522
3.09017 -9.51056
5.00000 -8.66025
6.69131 -7.43145
8.09017 -5.87785
9.13546 -4.06737
9.78148 -2.07912
1.0 # Scaling factor
0.0 1 0 0 # Rotation
0 0 0 # Position

# Cross Section 11
10.0000 0.00000 # The 2D position of control points
9.78148 2.07912
9.13545 4.06737
8.09017 5.87785
6.69131 7.43145
5.00000 8.66025
3.09017 9.51057
1.04528 9.94522
-1.04529 9.94522
-3.09017 9.51056
-5.00000 8.66025
-6.69131 7.43145
-8.09017 5.87785
-9.13546 4.06737
-9.78148 2.07912
-10.0000 0.00000
-9.78148 -2.07912
-9.13545 -4.06737
-8.09017 -5.87785
-6.69131 -7.43145
-5.00000 -8.66025
-3.09017 -9.51057
-1.04528 -9.94522
1.04528 -9.94522
3.09017 -9.51056
5.00000 -8.66025
6.69131 -7.43145
8.09017 -5.87785
9.13546 -4.06737
9.78148 -2.07912
1.01 # Scaling factor
0.0 1 0 0 # Rotation
0 0 0 # Position

# Cross Section 12
10.0000 0.00000 # The 2D position of control points
9.78148 2.07912
9.13545 4.06737
8.09017 5.87785
6.69131 7.43145
5.00000 8.66025
3.09017 9.51057
1.04528 9.94522
-1.04529 9.94522
-3.09017 9.51056
-5.00000 8.66025
-6.69131 7.43145
-8.09017 5.87785
-9.13546 4.06737
-9.78148 2.07912
-10.0000 0.00000
-9.78148 -2.07912
-9.13545 -4.06737
-8.09017 -5.87785
-6.69131 -7.43145
-5.00000 -8.66025
-3.09017 -9.51057
-1.04528 -9.94522
1.04528 -9.94522
3.09017 -9.51056
5.00000 -8.66025
6.69131 -7.43145
8.09017 -5.87785
9.13546 -4.06737
9.78148 -2.07912
1.02 # Scaling factor
0.0 1 0 0 # Rotation
0 0.5 0 # Position

# Cross Section 13
10.0000 0.00000 # The 2D position of control points
9.78148 2.07912
9.13545 4.06737
8.09017 5.87785
6.69131 7.43145
5.00000 8.66025
3.09017 9.51057
1.04528 9.94522
-1.04529 9.94522
-3.09017 9.51056
-5.00000 8.66025
-6.69131 7.43145
-8.09017 5.87785
-9.13546 4.06737
-9.78148 2.07912
-10.0000 0.00000
-9.78148 -2.07912
-9.13545 -4.06737
-8.09017 -5.87785
-6.69131 -7.43145
-5.00000 -8.66025
-3.09017 -9.51057
-1.04528 -9.94522
1.04528 -9.94522
3.09017 -9.51056
5.00000 -8.66025
6.69131 -7.43145
8.09017 -5.87785
9.13546 -4.06737
9.78148 -2.07912
1.02 # Scaling factor
0.0 1 0 0 # Rotation
0 0.5 0 # Position

# Cross Section 14
10.0000 0.00000 # The 2D position of control points
9.78148 2.07912
9.13545 4.06737
8.09017 5.87785
6.69131 7.43145
5.00000 8.66025
3.09017 9.51057
1.04528 9.94522
-1.04529 9.94522
-3.09017 9.51056
-5.00000 8.66025
-6.69131 7.43145
-8.09017 5.87785
-9.13546 4.06737
-9.78148 2.07912
-10.0000 0.00000
-9.78148 -2.07912
-9.13545 -4.06737
-8.09017 -5.87785
-6.69131 -7.43145
-5.00000 -8.66025
-3.09017 -9.51057
-1.04528 -9.94522
1.04528 -9.94522
3.09017 -9.51056
5.00000 -8.66025
6.69131 -7.43145
8.09017 -5.87785
9.13546 -4.06737
9.78148 -2.07912
1.02 # Scaling factor
0.0 1 0 0 # Rotation
0 1 0 # Position

# Cross Section 15
10.0000 0.00000 # The 2D position of control points
9.78148 2.07912
9.13545 4.06737
8.09017 5.87785
6.69131 7.43145
5.00000 8.66025
3.09017 9.51057
1.04528 9.94522
-1.04529 9.94522
-3.09017 9.51056
-5.00000 8.66025
-6.69131 7.43145
-8.09017 5.87785
-9.13546 4.06737
-9.78148 2.07912
-10.0000 0.00000
-9.78148 -2.07912
-9.13545 -4.06737
-8.09017 -5.87785
-6.69131 -7.43145
-5.00000 -8.66025
-3.09017 -9.51057
-1.04528 -9.94522
1.04528 -9.94522
3.09017 -9.51056
5.00000 -8.66025
6.69131 -7.43145
8.09017 -5.87785
9.13546 -4.06737
9.78148 -2.07912
1.05 # Scaling factor
0.0 1 0 0 # Rotation
0 1 0 # Position

# Cross Section 16
10.0000 0.00000 # The 2D position of control points
9.78148 2.07912
9.13545 4.06737
8.09017 5.87785
6.69131 7.43145
5.00000 8.66025
3.09017 9.51057
1.04528 9.94522
-1.04529 9.94522
-3.09017 9.51056
-5.00000 8.66025
-6.69131 7.43145
-8.09017 5.87785
-9.13546 4.06737
-9.78148 2.07912
-10.0000 0.00000
-9.78148 -2.07912
-9.13545 -4.06737
-8.09017 -5.87785
-6.69131 -7.43145
-5.00000 -8.66025
-3.09017 -9.51057
-1.04528 -9.94522
1.04528 -9.94522
3.09017 -9.51056
5.00000 -8.66025
6.69131 -7.43145
8.09017 -5.87785
9.13546 -4.06737
9.78148 -2.07912
1.08 # Scaling factor
0.0 1 0 0 # Rotation
0 0 0 # Position

# Cross Section 17
10.0000 0.00000 # The 2D position of control points
9.78148 2.07912
9.13545 4.06737
8.09017 5.87785
6.69131 7.43145
5.00000 8.66025
3.09017 9.51057
1.04528 9.94522
-1.04529 9.94522
-3.09017 9.51056
-5.00000 8.66025
-6.69131 7.43145
-8.09017 5.87785
-9.13546 4.06737
-9.78148 2.07912
-10.0000 0.00000
-9.78148 -2.07912
-9.13545 -4.06737
-8.09017 -5.87785
-6.69131 -7.43145
-5.00000 -8.66025
-3.09017 -9.51057
-1.04528 -9.94522
1.04528 -9.94522
3.09017 -9.51056
5.00000 -8.66025
6.69131 -7.43145
8.09017 -5.87785
9.13546 -4.06737
9.78148 -2.07912
1.05 # Scaling factor
0.0 1 0 0 # Rotation
0 1 0 # Position

# Cross Section 18
10.0000 0.00000 # The 2D position of control points
9.78148 2.07912
9.13545 4.06737
8.09017 5.87785
6.69131 7.43145
5.00000 8.66025
3.09017 9.51057
1.04528 9.94522
-1.04529 9.94522
-3.09017 9.51056
-5.00000 8.66025
-6.69131 7.43145
-8.09017 5.87785
-9.13546 4.06737
-9.78148 2.07912
-10.0000 0.00000
-9.78148 -2.07912
-9.13545 -4.06737
-8.09017 -5.87785
-6.69131 -7.43145
-5.00000 -8.66025
-3.09017 -9.51057
-1.04528 -9.94522
1.04528 -9.94522
3.09017 -9.51056
5.00000 -8.66025
6.69131 -7.43145
8.09017 -5.87785
9.13546 -4.06737
9.78148 -2.07912
1.05 # Scaling factor
0.0 1 0 0 # Rotation
0 1.5 0 # Position

# Cross Section 19
10.0000 0.00000 # The 2D position of control points
9.78148 2.07912
9.13545 4.06737
8.09017 5.87785
6.69131 7.43145
5.00000 8.66025
3.09017 9.51057
1.04528 9.94522
-1.04529 9.94522
-3.09017 9.51056
-5.00000 8.66025
-6.69131 7.43145
-8.09017 5.87785
-9.13546 4.06737
-9.78148 2.07912
-10.0000 0.00000
-9.78148 -2.07912
-9.13545 -4.06737
-8.09017 -5.87785
-6.69131 -7.43145
-5.00000 -8.66025
-3.09017 -9.51057
-1.04528 -9.94522
1.04528 -9.94522
3.09017 -9.51056
5.00000 -8.66025
6.69131 -7.43145
8.09017 -5.87785
9.13546 -4.06737
9.78148 -2.07912
1.04 # Scaling factor
0.0 1 0 0 # Rotation
0 1.8 0 # Position

# Cross Section 20
10.0000 0.00000 # The 2D position of control points
9.78148 2.07912
9.13545 4.06737
8.09017 5.87785
6.69131 7.43145
5.00000 8.66025
3.09017 9.51057
1.04528 9.94522
-1.04529 9.94522
-3.09017 9.51056
-5.00000 8.66025
-6.69131 7.43145
-8.09017 5.87785
-9.13546 4.06737
-9.78148 2.07912
-10.0000 0.00000
-9.78148 -2.07912
-9.13545 -4.06737
-8.09017 -5.87785
-6.69131 -7.43145
-5.00000 -8.66025
-3.09017 -9.51057
-1.04528 -9.94522
1.04528 -9.94522
3.09017 -9.51056
5.00000 -8.66025
6.69131 -7.43145
8.09017 -5.87785
9.13546 -4.06737
9.78148 -2.07912
0.975 # Scaling factor
0.0 1 0 0 # Rotation
0 2 0 # Position

# Cross Section 21
10.0000 0.00000 # The 2D position of control points
9.78148 2.07912
9.13545 4.06737
8.09017 5.87785
6.69131 7.43145
5.00000 8.66025
3.09017 9.51057
1.04528 9.94522
-1.04529 9.94522
-3.09017 9.51056
-5.00000 8.66025
-6.69131 7.43145
-8.09017 5.87785
-9.13546 4.06737
-9.78148 2.07912
-10.0000 0.00000
-9.78148 -2.07912
-9.13545 -4.06737
-8.09017 -5.87785
-6.69131 -7.43145
-5.00000 -8.66025
-3.09017 -9.51057
-1.04528 -9.94522
1.04528 -9.94522
3.09017 -9.51056
5.00000 -8.66025
6.69131 -7.43145
8.09017 -5.87785
9.13546 -4.06737
9.78148 -2.07912
0.875 # Scaling factor
0.0 1 0 0 # Rotation
0 5 0 # Position

# Cross Section 22
6.00000 0.00000 # The 2D position of control points
5.94726 1.35538
5.89481 2.44716
5.76312 4.21449
5.29131 7.43145
5.00000 8.66025
3.09017 9.51057
1.04528 9.94522
-1.04529 9.94522
-3.09017 9.51056
-5.00000 8.66025
-6.69131 7.43145
-8.09017 5.87785
-9.13546 4.06737
-9.78148 2.07912
-10.0000 0.00000
-9.78148 -2.07912
-9.13545 -4.06737
-8.09017 -5.87785
-6.69131 -7.43145
-5.00000 -8.66025
-3.09017 -9.51057
-1.04528 -9.94522
1.04528 -9.94522
3.09017 -9.51056
5.00000 -8.66025
5.29131 -7.43145
5.76312 -4.21449
5.89481 -2.44716
5.94726 -1.35538
0.75 # Scaling factor
0.0 1 0 0 # Rotation
0 4 0 # Position

# Cross Section 23
6.00000 0.00000 # The 2D position of control points
5.94726 1.35538
5.89481 2.44716
5.76312 4.21449
5.29131 7.43145
5.00000 8.66025
3.09017 9.51057
1.04528 9.94522
-1.04529 9.94522
-3.09017 9.51056
-5.00000 8.66025
-6.69131 7.43145
-8.09017 5.87785
-9.13546 4.06737
-9.78148 2.07912
-10.0000 0.00000
-9.78148 -2.07912
-9.13545 -4.06737
-8.09017 -5.87785
-6.69131 -7.43145
-5.00000 -8.66025
-3.09017 -9.51057
-1.04528 -9.94522
1.04528 -9.94522
3.09017 -9.51056
5.00000 -8.66025
5.29131 -7.43145
5.76312 -4.21449
5.89481 -2.44716
5.94726 -1.35538
0.75 # Scaling factor
0.0 1 0 0 # Rotation
0 4 0 # Position

# Cross Section 24
6.00000 0.00000 # The 2D position of control points
5.94726 1.35538
5.89481 2.44716
5.76312 4.21449
5.29131 7.43145
5.00000 8.66025
3.09017 9.51057
1.04528 9.94522
-1.04529 9.94522
-3.09017 9.51056
-5.00000 8.66025
-6.69131 7.43145
-8.09017 5.87785
-9.13546 4.06737
-9.78148 2.07912
-10.0000 0.00000
-9.78148 -2.07912
-9.13545 -4.06737
-8.09017 -5.87785
-6.69131 -7.43145
-5.00000 -8.66025
-3.09017 -9.51057
-1.04528 -9.94522
1.04528 -9.94522
3.09017 -9.51056
5.00000 -8.66025
5.29131 -7.43145
5.76312 -4.21449
5.89481 -2.44716
5.94726 -1.35538
0.0 # Scaling factor
0.0 1 0 0 # Rotation
6 4 0 # Position

# Cross Section 25
10.0000 0.00000 # The 2D position of control points
9.78148 2.07912
9.13545 4.06737
8.09017 5.87785
6.69131 7.43145
5.00000 8.66025
3.09017 9.51057
1.04528 9.94522
-1.04529 9.94522
-3.09017 9.51056
-5.00000 8.66025
-6.69131 7.43145
-8.09017 5.87785
-9.13546 4.06737
-9.78148 2.07912
-10.0000 0.00000
-9.78148 -2.07912
-9.13545 -4.06737
-8.09017 -5.87785
-6.69131 -7.43145
-5.00000 -8.66025
-3.09017 -9.51057
-1.04528 -9.94522
1.04528 -9.94522
3.09017 -9.51056
5.00000 -8.66025
6.69131 -7.43145
8.09017 -5.87785
9.13546 -4.06737
9.78148 -2.07912
0.04 # Scaling factor
0.0 1 0 0 # Rotation
7 4 0 # Position

# Cross Section 26
10.0000 0.00000 # The 2D position of control points
9.78148 2.07912
9.13545 4.06737
8.09017 5.87785
6.69131 7.43145
5.00000 8.66025
3.09017 9.51057
1.04528 9.94522
-1.04529 9.94522
-3.09017 9.51056
-5.00000 8.66025
-6.69131 7.43145
-8.09017 5.87785
-9.13546 4.06737
-9.78148 2.07912
-10.0000 0.00000
-9.78148 -2.07912
-9.13545 -4.06737
-8.09017 -5.87785
-6.69131 -7.43145
-5.00000 -8.66025
-3.09017 -9.51057
-1.04528 -9.94522
1.04528 -9.94522
3.09017 -9.51056
5.00000 -8.66025
6.69131 -7.43145
8.09017 -5.87785
9.13546 -4.06737
9.78148 -2.07912
0.08 # Scaling factor
-0.47 0 0 1 # Rotation
7 4 0 # Position

# Cross Section 27
10.0000 0.00000 # The 2D position of control points
9.78148 2.07912
9.13545 4.06737
8.09017 5.87785
6.69131 7.43145
5.00000 8.66025
3.09017 9.51057
1.04528 9.94522
-1.04529 9.94522
-3.09017 9.51056
-5.00000 8.66025
-6.69131 7.43145
-8.09017 5.87785
-9.13546 4.06737
-9.78148 2.07912
-10.0000 0.00000
-9.78148 -2.07912
-9.13545 -4.06737
-8.09017 -5.87785
-6.69131 -7.43145
-5.00000 -8.66025
-3.09017 -9.51057
-1.04528 -9.94522
1.04528 -9.94522
3.09017 -9.51056
5.00000 -8.66025
6.69131 -7.43145
8.09017 -5.87785
9.13546 -4.06737
9.78148 -2.07912
0.08 # Scaling factor
-0.47 0 0 1 # Rotation
14 20 0 # Position
